/home/bijan/bf-eecs587/HW/3
numNodes = 36	N = 1000	timeSteps = 500
Rank: 0	Local Sum: 6.37504	Global Sum: 489.093	Time Elapsed: 0.665416
